
   BL# MONTH   DAY  YEAR  HOUR   MIN  VAL1  VAL2  VAL3  VAL4
     0     1     1  2010     0     1   454   294   205   239

  SPU1  SPU2  SPU3  SPU4 NOIS1 NOIS2 NOIS3 NOIS4 FEMAX SOFTW
     1     0     6     3   495   535   473    63     0  8114

  FE11  FE12  FE21  FE22  SNR1  SNR2  SNR3  SNR4 CHECK   JAM
    15    15    15    15    87    99   108   127  3438    30

   ALT    CT SPEED   DIR S DIR     W    SW INVMI  STAB  DTDZ ECH T     T    ST PRESS

  3050   521   947   293 -9999 -9999 -9999 -9999 -9999 -9999 -9999 -9999 -9999   697
  2950   445   975   300 -9999 -9999 -9999 -9999 -9999 -9999 -9999 -9999 -9999   705
  2850   335  1006   306 -9999 -9999 -9999 -9999 -9999 -9999 -9999 -9999 -9999   714
  2750   516  1031   312 -9999 -9999 -9999 -9999 -9999 -9999 -9999 -9999 -9999   724
  2650   536   970   314 -9999 -9999 -9999 -9999 -9999 -9999 -9999 -9999 -9999   733
  2550   396   948   314 -9999 -9999 -9999 -9999 -9999 -9999 -9999 -9999 -9999   742
  2450   359   949   312 -9999 -9999 -9999 -9999 -9999 -9999 -9999 -9999 -9999   751
  2350   359   972   308 -9999 -9999 -9999 -9999 -9999 -9999 -9999 -9999 -9999   761
  2250   395   902   309 -9999 -9999 -9999 -9999 -9999 -9999 -9999 -9999 -9999   771
  2150   388   871   309 -9999 -9999 -9999 -9999 -9999 -9999 -9999 -9999 -9999   780
  2050   390   877   309 -9999 -9999 -9999 -9999 -9999 -9999 -9999 -9999 -9999   790
  1950   401   871   308 -9999 -9999 -9999 -9999 -9999 -9999 -9999 -9999 -9999   800
  1850   404   907   305 -9999 -9999 -9999 -9999 -9999 -9999 -9999 -9999 -9999   810
  1750 -9999 -9999 -9999 -9999 -9999 -9999 -9999 -9999 -9999 -9999 -9999 -9999   820
  1650 -9999 -9999 -9999 -9999 -9999 -9999 -9999 -9999 -9999 -9999 -9999 -9999   830
  1550 -9999 -9999 -9999 -9999 -9999 -9999 -9999 -9999 -9999 -9999 -9999 -9999   840
  1450 -9999 -9999 -9999 -9999 -9999 -9999 -9999 -9999 -9999 -9999 -9999 -9999   851
  1350 -9999 -9999 -9999 -9999 -9999 -9999 -9999 -9999 -9999 -9999 -9999 -9999   861
  1250 -9999 -9999 -9999 -9999 -9999 -9999 -9999 -9999 -9999 -9999 -9999 -9999   872
  1150   306   851   312     5     9    24 -9999     2    -9 -9999   228 -9999   882
  1050   329   624   316     5     9    24 -9999     2    -9 -9999   234 -9999   893
   950   339   456   305     5     9    25 -9999     3    -9 -9999   239 -9999   904
   850   388   483   302     5     9    24 -9999     3    -8 -9999   244 -9999   915
   750   477   503   304     5     7    23 -9999     3    -6 -9999   248 -9999   926
   650   717   588   304     4     7    20 -9999     2     0 -9999   249 -9999   938
   550   920   732   303     4     7    21 -9999     2     3 -9999   246 -9999   949
   450  1087   816   299     3     8    26 -9999     2     4 -9999   243 -9999   960
   350   910   851   299     3     9    27 -9999     2     0  3444   240   110   972
   250   852   850   300     3     9    26 -9999     2     0  3120   240   118   984
   150   915   733   300     3     8    24 -9999     2     1 11164   226    73   995
$

   BL# MONTH   DAY  YEAR  HOUR   MIN  VAL1  VAL2  VAL3  VAL4
     0     1     1  2010     1     2   526   198   207   279

  SPU1  SPU2  SPU3  SPU4 NOIS1 NOIS2 NOIS3 NOIS4 FEMAX SOFTW
     1     0     6     3   495   526   453    49     0  8114

  FE11  FE12  FE21  FE22  SNR1  SNR2  SNR3  SNR4 CHECK   JAM
    15    15    15    15    86    98   108   116   536    30

   ALT    CT SPEED   DIR S DIR     W    SW INVMI  STAB  DTDZ ECH T     T    ST PRESS

  3050 -9999 -9999 -9999 -9999 -9999 -9999 -9999 -9999 -9999 -9999 -9999 -9999   697
  2950 -9999 -9999 -9999 -9999 -9999 -9999 -9999 -9999 -9999 -9999 -9999 -9999   705
  2850 -9999 -9999 -9999 -9999 -9999 -9999 -9999 -9999 -9999 -9999 -9999 -9999   714
  2750   543   642   301 -9999 -9999 -9999 -9999 -9999 -9999 -9999 -9999 -9999   724
  2650   483   561   309 -9999 -9999 -9999 -9999 -9999 -9999 -9999 -9999 -9999   733
  2550   466   542   318 -9999 -9999 -9999 -9999 -9999 -9999 -9999 -9999 -9999   742
  2450   437   551   327 -9999 -9999 -9999 -9999 -9999 -9999 -9999 -9999 -9999   751
  2350 -9999 -9999 -9999 -9999 -9999 -9999 -9999 -9999 -9999 -9999 -9999 -9999   761
  2250 -9999 -9999 -9999 -9999 -9999 -9999 -9999 -9999 -9999 -9999 -9999 -9999   771
  2150 -9999 -9999 -9999 -9999 -9999 -9999 -9999 -9999 -9999 -9999 -9999 -9999   780
  2050 -9999 -9999 -9999 -9999 -9999 -9999 -9999 -9999 -9999 -9999 -9999 -9999   790
  1950 -9999 -9999 -9999 -9999 -9999 -9999 -9999 -9999 -9999 -9999 -9999 -9999   800
  1850 -9999 -9999 -9999 -9999 -9999 -9999 -9999 -9999 -9999 -9999 -9999 -9999   810
  1750 -9999 -9999 -9999 -9999 -9999 -9999 -9999 -9999 -9999 -9999 -9999 -9999   820
  1650 -9999 -9999 -9999 -9999 -9999 -9999 -9999 -9999 -9999 -9999 -9999 -9999   830
  1550 -9999 -9999 -9999 -9999 -9999 -9999 -9999 -9999 -9999 -9999 -9999 -9999   840
  1450   187   627   338 -9999   -77 -9999 -9999 -9999 -9999 -9999 -9999 -9999   851
  1350   190   615   335     3   -64    36 -9999     2   -12 -9999   198 -9999   861
  1250   433   596   320     4   -50    34 -9999     3    -9 -9999   209 -9999   872
  1150   521   504   301     4   -35    35 -9999     3    -8 -9999   214 -9999   882
  1050   456   446   295     4   -21    38 -9999     3    -9 -9999   217 -9999   893
   950   371   401   299     4    -6    31 -9999     3    -9 -9999   222 -9999   904
   850   373   416   303     4    -3    35 -9999     3   -10 -9999   228 -9999   915
   750   464   419   309     5   -10    49 -9999     3   -10 -9999   234 -9999   926
   650   804   417   319     9    -4    46 -9999     3    -6 -9999   240 -9999   938
   550  1035   434   328     9     1    44 -9999     3    -3 -9999   240 -9999   949
   450  1157   540   312     5     2    43 -9999     3    -1 -9999   237 -9999   960
   350   998   599   307     5     7    26 -9999     2     2  3309   234    52   972
   250   951   599   307     5     8    24 -9999     2     2  3085   239    97   984
   150  1017   480   314     6     4    38   658     3    -2 18236   222    75   995
$

   BL# MONTH   DAY  YEAR  HOUR   MIN  VAL1  VAL2  VAL3  VAL4
     0     1     1  2010     3     2   111    98    50   156

  SPU1  SPU2  SPU3  SPU4 NOIS1 NOIS2 NOIS3 NOIS4 FEMAX SOFTW
     9     2     6     2   515   462   443    53     0  8114

  FE11  FE12  FE21  FE22  SNR1  SNR2  SNR3  SNR4 CHECK   JAM
 -9999 -9999 -9999 -9999   106    98   106   126    37    30

   ALT    CT SPEED   DIR S DIR     W    SW INVMI  STAB  DTDZ ECH T     T    ST PRESS

  3050 -9999 -9999 -9999 -9999 -9999 -9999 -9999 -9999 -9999 -9999 -9999 -9999   697
  2950   378  1732    30 -9999 -9999 -9999 -9999 -9999 -9999 -9999 -9999 -9999   705
  2850   331  1497    35 -9999 -9999 -9999 -9999 -9999 -9999 -9999 -9999 -9999   714
  2750   322  1267    43 -9999 -9999 -9999 -9999 -9999 -9999 -9999 -9999 -9999   724
  2650   320  1095    55 -9999 -9999 -9999 -9999 -9999 -9999 -9999 -9999 -9999   733
  2550   324   998    70 -9999 -9999 -9999 -9999 -9999 -9999 -9999 -9999 -9999   742
  2450   397   980    87 -9999 -9999 -9999 -9999 -9999 -9999 -9999 -9999 -9999   751
  2350 -9999 -9999 -9999 -9999 -9999 -9999 -9999 -9999 -9999 -9999 -9999 -9999   761
  2250 -9999 -9999 -9999 -9999 -9999 -9999 -9999 -9999 -9999 -9999 -9999 -9999   771
  2150 -9999 -9999 -9999 -9999 -9999 -9999 -9999 -9999 -9999 -9999 -9999 -9999   780
  2050 -9999 -9999 -9999 -9999 -9999 -9999 -9999 -9999 -9999 -9999 -9999 -9999   790
  1950 -9999 -9999 -9999 -9999 -9999 -9999 -9999 -9999 -9999 -9999 -9999 -9999   800
  1850 -9999 -9999 -9999 -9999 -9999 -9999 -9999 -9999 -9999 -9999 -9999 -9999   810
  1750 -9999 -9999 -9999 -9999 -9999 -9999 -9999 -9999 -9999 -9999 -9999 -9999   820
  1650 -9999 -9999 -9999 -9999 -9999 -9999 -9999 -9999 -9999 -9999 -9999 -9999   830
  1550 -9999 -9999 -9999 -9999 -9999 -9999 -9999 -9999 -9999 -9999 -9999 -9999   840
  1450 -9999 -9999 -9999 -9999 -9999 -9999 -9999 -9999 -9999 -9999 -9999 -9999   851
  1350 -9999 -9999 -9999 -9999 -9999 -9999 -9999 -9999 -9999 -9999 -9999 -9999   861
  1250 -9999 -9999 -9999 -9999 -9999 -9999 -9999 -9999 -9999 -9999 -9999 -9999   872
  1150 -9999 -9999 -9999 -9999 -9999 -9999 -9999 -9999 -9999 -9999 -9999 -9999   882
  1050 -9999 -9999 -9999 -9999 -9999 -9999 -9999 -9999 -9999 -9999 -9999 -9999   893
   950 -9999 -9999 -9999 -9999 -9999 -9999 -9999 -9999 -9999 -9999 -9999 -9999   904
   850   373   528    90     7 -9999    20 -9999     3     0 -9999 -9999 -9999   915
   750   589   606    56     8 -9999    18   750     3    10 -9999 -9999 -9999   926
   650   736   697    45     7    -9    23   650     3    12 -9999 -9999 -9999   938
   550   842   667    49     7    -8    20   550     3    19 -9999 -9999 -9999   949
   450   907   650    52     8    -8    10   450     3    43 -9999 -9999 -9999   960
   350   728   603    58     9    -4    16   350     3    19  1721   249    79   972
   250   687   583    60     9    -3    19   250     3    14  1196   237    88   984
   150   785   567    53     8    -6    19   337     3    18 14441   221    52   995
$

   BL# MONTH   DAY  YEAR  HOUR   MIN  VAL1  VAL2  VAL3  VAL4
     0     1     1  2010     4     1    67   191   155   345

  SPU1  SPU2  SPU3  SPU4 NOIS1 NOIS2 NOIS3 NOIS4 FEMAX SOFTW
     8     2     1    10   525   472   463    54     0  8114

  FE11  FE12  FE21  FE22  SNR1  SNR2  SNR3  SNR4 CHECK   JAM
    15    15    15    15    96    97    99   116    38    30

   ALT    CT SPEED   DIR S DIR     W    SW INVMI  STAB  DTDZ ECH T     T    ST PRESS

  3050 -9999 -9999 -9999 -9999 -9999 -9999 -9999 -9999 -9999 -9999 -9999 -9999   697
  2950 -9999 -9999 -9999 -9999 -9999 -9999 -9999 -9999 -9999 -9999 -9999 -9999   705
  2850 -9999 -9999 -9999 -9999 -9999 -9999 -9999 -9999 -9999 -9999 -9999 -9999   714
  2750 -9999 -9999 -9999 -9999 -9999 -9999 -9999 -9999 -9999 -9999 -9999 -9999   724
  2650 -9999 -9999 -9999 -9999 -9999 -9999 -9999 -9999 -9999 -9999 -9999 -9999   733
  2550 -9999 -9999 -9999 -9999 -9999 -9999 -9999 -9999 -9999 -9999 -9999 -9999   742
  2450 -9999 -9999 -9999 -9999 -9999 -9999 -9999 -9999 -9999 -9999 -9999 -9999   751
  2350 -9999 -9999 -9999 -9999 -9999 -9999 -9999 -9999 -9999 -9999 -9999 -9999   761
  2250 -9999 -9999 -9999 -9999 -9999 -9999 -9999 -9999 -9999 -9999 -9999 -9999   771
  2150 -9999 -9999 -9999 -9999 -9999 -9999 -9999 -9999 -9999 -9999 -9999 -9999   780
  2050 -9999 -9999 -9999 -9999 -9999 -9999 -9999 -9999 -9999 -9999 -9999 -9999   790
  1950 -9999 -9999 -9999 -9999 -9999 -9999 -9999 -9999 -9999 -9999 -9999 -9999   800
  1850 -9999 -9999 -9999 -9999 -9999 -9999 -9999 -9999 -9999 -9999 -9999 -9999   810
  1750 -9999 -9999 -9999 -9999 -9999 -9999 -9999 -9999 -9999 -9999 -9999 -9999   820
  1650 -9999 -9999 -9999 -9999 -9999 -9999 -9999 -9999 -9999 -9999 -9999 -9999   830
  1550 -9999 -9999 -9999 -9999 -9999 -9999 -9999 -9999 -9999 -9999 -9999 -9999   840
  1450 -9999 -9999 -9999 -9999 -9999 -9999 -9999 -9999 -9999 -9999 -9999 -9999   851
  1350 -9999 -9999 -9999 -9999 -9999 -9999 -9999 -9999 -9999 -9999 -9999 -9999   861
  1250 -9999 -9999 -9999 -9999 -9999 -9999 -9999 -9999 -9999 -9999 -9999 -9999   872
  1150 -9999 -9999 -9999 -9999 -9999 -9999 -9999 -9999 -9999 -9999 -9999 -9999   882
  1050   198   812    44     7    47    55 -9999     3   -11 -9999   207 -9999   893
   950   220   774    41     7    44    49 -9999     3   -10 -9999   219 -9999   904
   850   312   708    35     7    19    52 -9999     3    -8 -9999   230 -9999   915
   750   473   722    39     8   -23    64 -9999     3    -6 -9999   240 -9999   926
   650   715   725    42     6   -10    38 -9999     3     4 -9999   248 -9999   938
   550   904   694    42     6    -1    25   550     3    16 -9999   248 -9999   949
   450  1040   651    43     7     2    27   450     3    19  2001   245    36   960
   350   893   578    50     8     5    28   350     3    14  2239   249    70   972
   250   845   553    54     8     5    28   250     3    12  2937   243    84   984
   150   898   555    47     7     2    26   420     3    15 15276   225    55   995
$

   BL# MONTH   DAY  YEAR  HOUR   MIN  VAL1  VAL2  VAL3  VAL4
     0     1     1  2010     5     1   106   211   291   494

  SPU1  SPU2  SPU3  SPU4 NOIS1 NOIS2 NOIS3 NOIS4 FEMAX SOFTW
     1     1     2     0   535   493   483    49     0  8114

  FE11  FE12  FE21  FE22  SNR1  SNR2  SNR3  SNR4 CHECK   JAM
    15    15    15    15    99    99   107   109   340    30

   ALT    CT SPEED   DIR S DIR     W    SW INVMI  STAB  DTDZ ECH T     T    ST PRESS

  3050 -9999 -9999 -9999 -9999 -9999 -9999 -9999 -9999 -9999 -9999 -9999 -9999   697
  2950 -9999 -9999 -9999 -9999 -9999 -9999 -9999 -9999 -9999 -9999 -9999 -9999   705
  2850 -9999 -9999 -9999 -9999 -9999 -9999 -9999 -9999 -9999 -9999 -9999 -9999   714
  2750 -9999 -9999 -9999 -9999 -9999 -9999 -9999 -9999 -9999 -9999 -9999 -9999   724
  2650 -9999 -9999 -9999 -9999 -9999 -9999 -9999 -9999 -9999 -9999 -9999 -9999   733
  2550 -9999 -9999 -9999 -9999 -9999 -9999 -9999 -9999 -9999 -9999 -9999 -9999   742
  2450 -9999 -9999 -9999 -9999 -9999 -9999 -9999 -9999 -9999 -9999 -9999 -9999   751
  2350 -9999 -9999 -9999 -9999 -9999 -9999 -9999 -9999 -9999 -9999 -9999 -9999   761
  2250 -9999 -9999 -9999 -9999 -9999 -9999 -9999 -9999 -9999 -9999 -9999 -9999   771
  2150 -9999 -9999 -9999 -9999 -9999 -9999 -9999 -9999 -9999 -9999 -9999 -9999   780
  2050 -9999 -9999 -9999 -9999 -9999 -9999 -9999 -9999 -9999 -9999 -9999 -9999   790
  1950 -9999 -9999 -9999 -9999 -9999 -9999 -9999 -9999 -9999 -9999 -9999 -9999   800
  1850 -9999 -9999 -9999 -9999 -9999 -9999 -9999 -9999 -9999 -9999 -9999 -9999   810
  1750 -9999 -9999 -9999 -9999 -9999 -9999 -9999 -9999 -9999 -9999 -9999 -9999   820
  1650 -9999 -9999 -9999 -9999 -9999 -9999 -9999 -9999 -9999 -9999 -9999 -9999   830
  1550 -9999 -9999 -9999 -9999 -9999 -9999 -9999 -9999 -9999 -9999 -9999 -9999   840
  1450 -9999 -9999 -9999 -9999 -9999 -9999 -9999 -9999 -9999 -9999 -9999 -9999   851
  1350 -9999 -9999 -9999 -9999 -9999 -9999 -9999 -9999 -9999 -9999 -9999 -9999   861
  1250 -9999 -9999 -9999 -9999 -9999 -9999 -9999 -9999 -9999 -9999 -9999 -9999   872
  1150 -9999 -9999 -9999 -9999 -9999 -9999 -9999 -9999 -9999 -9999 -9999 -9999   882
  1050   198   810    32     5    -6    32 -9999     2    -9 -9999   209 -9999   893
   950   231   779    32     5   -10    32 -9999     2    -8 -9999   220 -9999   904
   850   281   738    33     5   -12    33 -9999     3    -7 -9999   230 -9999   915
   750   348   743    38     4   -11    34 -9999     2    -5 -9999   239 -9999   926
   650   706   728    41     5    -8    32 -9999     3     6 -9999   247 -9999   938
   550   958   679    41     6    -4    31   550     3    14 -9999   246 -9999   949
   450  1107   656    42     6     0    30   450     3    19  3897   243    66   960
   350   969   625    44     7     0    34   350     3    12  3351   248    70   972
   250   921   614    44     7     0    35   250     3    11  4429   251    71   984
   150   964   578    43     6    -1    33   527     3    13 18941   231    74   995
$

   BL# MONTH   DAY  YEAR  HOUR   MIN  VAL1  VAL2  VAL3  VAL4
     0     1     1  2010     6     2    97   160   217   396

  SPU1  SPU2  SPU3  SPU4 NOIS1 NOIS2 NOIS3 NOIS4 FEMAX SOFTW
     1     1     1     4   524   493   483    48     0  8114

  FE11  FE12  FE21  FE22  SNR1  SNR2  SNR3  SNR4 CHECK   JAM
    15    15    15    15    87    89    98   127  9140    30

   ALT    CT SPEED   DIR S DIR     W    SW INVMI  STAB  DTDZ ECH T     T    ST PRESS

  3050 -9999 -9999 -9999 -9999 -9999 -9999 -9999 -9999 -9999 -9999 -9999 -9999   697
  2950 -9999 -9999 -9999 -9999 -9999 -9999 -9999 -9999 -9999 -9999 -9999 -9999   705
  2850 -9999 -9999 -9999 -9999 -9999 -9999 -9999 -9999 -9999 -9999 -9999 -9999   714
  2750 -9999 -9999 -9999 -9999 -9999 -9999 -9999 -9999 -9999 -9999 -9999 -9999   724
  2650 -9999 -9999 -9999 -9999 -9999 -9999 -9999 -9999 -9999 -9999 -9999 -9999   733
  2550 -9999 -9999 -9999 -9999 -9999 -9999 -9999 -9999 -9999 -9999 -9999 -9999   742
  2450 -9999 -9999 -9999 -9999 -9999 -9999 -9999 -9999 -9999 -9999 -9999 -9999   751
  2350 -9999 -9999 -9999 -9999 -9999 -9999 -9999 -9999 -9999 -9999 -9999 -9999   761
  2250 -9999 -9999 -9999 -9999 -9999 -9999 -9999 -9999 -9999 -9999 -9999 -9999   771
  2150 -9999 -9999 -9999 -9999 -9999 -9999 -9999 -9999 -9999 -9999 -9999 -9999   780
  2050 -9999 -9999 -9999 -9999 -9999 -9999 -9999 -9999 -9999 -9999 -9999 -9999   790
  1950 -9999 -9999 -9999 -9999 -9999 -9999 -9999 -9999 -9999 -9999 -9999 -9999   800
  1850 -9999 -9999 -9999 -9999 -9999 -9999 -9999 -9999 -9999 -9999 -9999 -9999   810
  1750 -9999 -9999 -9999 -9999 -9999 -9999 -9999 -9999 -9999 -9999 -9999 -9999   820
  1650 -9999 -9999 -9999 -9999 -9999 -9999 -9999 -9999 -9999 -9999 -9999 -9999   830
  1550 -9999 -9999 -9999 -9999 -9999 -9999 -9999 -9999 -9999 -9999 -9999 -9999   840
  1450 -9999 -9999 -9999 -9999 -9999 -9999 -9999 -9999 -9999 -9999 -9999 -9999   851
  1350 -9999 -9999 -9999 -9999 -9999 -9999 -9999 -9999 -9999 -9999 -9999 -9999   861
  1250 -9999 -9999 -9999 -9999 -9999 -9999 -9999 -9999 -9999 -9999 -9999 -9999   872
  1150 -9999 -9999 -9999 -9999 -9999 -9999 -9999 -9999 -9999 -9999 -9999 -9999   882
  1050 -9999 -9999 -9999 -9999 -9999 -9999 -9999 -9999 -9999 -9999 -9999 -9999   893
   950 -9999 -9999 -9999 -9999 -9999 -9999 -9999 -9999 -9999 -9999 -9999 -9999   904
   850   294   617    42     5   -19    26 -9999     2    -5 -9999   235 -9999   915
   750   364   673    43     4   -16    25 -9999     2    -2 -9999   242 -9999   926
   650   678   686    43     5   -12    28 -9999     2     7 -9999   247 -9999   938
   550   916   649    43     6    -4    34   550     3    11 -9999   246 -9999   949
   450  1076   659    42     7     6    41   450     3    12  3722   243    70   960
   350   951   642    41     7     8    41 -9999     3     9  3752   247    81   972
   250   903   633    41     7     7    39 -9999     3     8  5086   251    74   984
   150   933   580    42     7     3    38 -9999     3     9 22850   234    71   995
$

   BL# MONTH   DAY  YEAR  HOUR   MIN  VAL1  VAL2  VAL3  VAL4
     0     1     1  2010     7     1   449   487   409   143

  SPU1  SPU2  SPU3  SPU4 NOIS1 NOIS2 NOIS3 NOIS4 FEMAX SOFTW
     1     1     1     4   343   363   322    78     0  8114

  FE11  FE12  FE21  FE22  SNR1  SNR2  SNR3  SNR4 CHECK   JAM
    15    15    15    15    96    98   107   126   423    30

   ALT    CT SPEED   DIR S DIR     W    SW INVMI  STAB  DTDZ ECH T     T    ST PRESS

  3050 -9999 -9999 -9999 -9999 -9999 -9999 -9999 -9999 -9999 -9999 -9999 -9999   697
  2950 -9999 -9999 -9999 -9999 -9999 -9999 -9999 -9999 -9999 -9999 -9999 -9999   705
  2850 -9999 -9999 -9999 -9999 -9999 -9999 -9999 -9999 -9999 -9999 -9999 -9999   714
  2750 -9999 -9999 -9999 -9999 -9999 -9999 -9999 -9999 -9999 -9999 -9999 -9999   724
  2650 -9999 -9999 -9999 -9999 -9999 -9999 -9999 -9999 -9999 -9999 -9999 -9999   733
  2550 -9999 -9999 -9999 -9999 -9999 -9999 -9999 -9999 -9999 -9999 -9999 -9999   742
  2450 -9999 -9999 -9999 -9999 -9999 -9999 -9999 -9999 -9999 -9999 -9999 -9999   751
  2350 -9999 -9999 -9999 -9999 -9999 -9999 -9999 -9999 -9999 -9999 -9999 -9999   761
  2250   187   971    53    19    29   161 -9999     5   -13 -9999    89 -9999   771
  2150   241   877    50    19    81   151 -9999     5   -12 -9999   103 -9999   780
  2050   217   710    43    20    74   140 -9999     5   -13 -9999   116 -9999   790
  1950   116   642    39    20     6   127 -9999     5   -14 -9999   129 -9999   800
  1850    84   581    34    21   -53   113 -9999     5   -14 -9999   143 -9999   810
  1750    69   363    49    21   -70   100 -9999     5   -14 -9999   157 -9999   820
  1650    69   342   134    22   -45    86 -9999     5   -14 -9999   171 -9999   830
  1550    76   149   150    22   -33    72 -9999     3   -14 -9999   185 -9999   840
  1450   124   172   102    18   -25    52 -9999     3   -12 -9999   199 -9999   851
  1350   212   305    78    10   -20    28 -9999     3    -8 -9999   212 -9999   861
  1250   212   346    57     9   -18    20 -9999     3    -6 -9999   222 -9999   872
  1150   198   364    62     8   -13    17 -9999     3    -6 -9999   231 -9999   882
  1050   168   405    62     6    -7    18 -9999     3    -8 -9999   239 -9999   893
   950   189   452    58     6    -9     7 -9999     2     0 -9999   249 -9999   904
   850   224   473    57     5    -7     5 -9999     2     8 -9999   252 -9999   915
   750   271   550    50     4     0    12 -9999     2     0 -9999   250 -9999   926
   650   539   612    44     4     5    13   650     2    14 -9999   253 -9999   938
   550   717   648    41     4    10    16   550     2    19 -9999   250 -9999   949
   450   806   705    41     4    14    20   450     2    17 -9999   247 -9999   960
   350   722   770    37     4    10    21   350     2    13  5131   244    93   972
   250   693   792    35     4     9    21   250     2    12  6285   252    85   984
   150   719   654    39     4    10    19   201     2    15 17974   234   113   995
$

   BL# MONTH   DAY  YEAR  HOUR   MIN  VAL1  VAL2  VAL3  VAL4
     0     1     1  2010     8     2   752   735   788    96

  SPU1  SPU2  SPU3  SPU4 NOIS1 NOIS2 NOIS3 NOIS4 FEMAX SOFTW
     1     1     1     4   362   363   363    57     0  8114

  FE11  FE12  FE21  FE22  SNR1  SNR2  SNR3  SNR4 CHECK   JAM
    15    15    15    15    86    89    97   116   324    30

   ALT    CT SPEED   DIR S DIR     W    SW INVMI  STAB  DTDZ ECH T     T    ST PRESS

  3050   212   915    53 -9999   -23 -9999 -9999 -9999 -9999 -9999 -9999 -9999   697
  2950   228   963    53 -9999   -16 -9999 -9999 -9999 -9999 -9999 -9999 -9999   705
  2850   236   989    55 -9999     0 -9999 -9999 -9999 -9999 -9999 -9999 -9999   714
  2750   231   991    59 -9999   -28 -9999 -9999 -9999 -9999 -9999 -9999 -9999   724
  2650   227  1045    55 -9999   -54 -9999 -9999 -9999 -9999 -9999 -9999 -9999   733
  2550   226  1099    52     6   -74    37 -9999     3    -9 -9999 -1593 -9999   742
  2450   233  1147    49    11   -66    74 -9999     3   -11 -9999 -1516 -9999   751
  2350   213  1176    47    16   -36   112 -9999     4   -12 -9999 -1437 -9999   761
  2250   164  1045    54    21    14   145 -9999     5   -13 -9999 -1357 -9999   771
  2150   134   823    53    16    42   111 -9999     4   -13 -9999 -1277 -9999   780
  2050   145   610    38    14    46    96 -9999     4   -13 -9999 -1197 -9999   790
  1950   199   611    34    14    24   104 -9999     4   -12 -9999 -1117 -9999   800
  1850   195   637    23    14   -40    94 -9999     4   -12 -9999 -1037 -9999   810
  1750   188   693    12    14   -62    82 -9999     4   -12 -9999  -957 -9999   820
  1650   179   771     5    14   -38    69 -9999     4   -12 -9999  -878 -9999   830
  1550   154   862     6    14   -22    54 -9999     3   -12 -9999  -799 -9999   840
  1450   149   567    20    12   -11    43 -9999     3   -11 -9999  -720 -9999   851
  1350   165   355    52    10    -4    33 -9999     3   -10 -9999  -641 -9999   861
  1250   211   385    46     8    -9    19 -9999     3    -6 -9999  -563 -9999   872
  1150   214   389    44     7   -12    13 -9999     3    -3 -9999  -488 -9999   882
  1050   173   438    43     5   -10    13 -9999     2    -6 -9999  -415 -9999   893
   950   181   506    44     5   -10     9 -9999     2    -3 -9999  -340 -9999   904
   850   193   540    43     4    -6    10 -9999     2    -3 -9999  -268 -9999   915
   750   210   605    44     4     2    14 -9999     2    -4 -9999  -196 -9999   926
   650   316   664    44     4     4    14 -9999     2     1 -9999  -122 -9999   938
   550   413   711    41     4     6    15 -9999     2     5 -9999   -52 -9999   949
   450   500   765    39     3     8    17 -9999     2     7 -9999    15 -9999   960
   350   507   853    36     3     5    17 -9999     2     8 -9999    80 -9999   972
   250   493   889    35     3     4    17 -9999     2     7 -9999   145 -9999   984
   150   460   725    38     4     5    16   269     2     7  2052   210    82   995
$

   BL# MONTH   DAY  YEAR  HOUR   MIN  VAL1  VAL2  VAL3  VAL4
     0     1     1  2010     9     1   800   879   756   130

  SPU1  SPU2  SPU3  SPU4 NOIS1 NOIS2 NOIS3 NOIS4 FEMAX SOFTW
     1     1     1     4   402   433   402    58     0  8114

  FE11  FE12  FE21  FE22  SNR1  SNR2  SNR3  SNR4 CHECK   JAM
    15    15    15    15    86    89   108   116    27     1

   ALT    CT SPEED   DIR S DIR     W    SW INVMI  STAB  DTDZ ECH T     T    ST PRESS

  3050   284   995    20 -9999    49 -9999 -9999 -9999 -9999 -9999 -9999 -9999   697
  2950   209   923    19 -9999    48 -9999 -9999 -9999 -9999 -9999 -9999 -9999   705
  2850   232   879    18 -9999    30 -9999 -9999 -9999 -9999 -9999 -9999 -9999   714
  2750 -9999 -9999 -9999 -9999 -9999 -9999 -9999 -9999 -9999 -9999 -9999 -9999   724
  2650 -9999 -9999 -9999 -9999 -9999 -9999 -9999 -9999 -9999 -9999 -9999 -9999   733
  2550 -9999 -9999 -9999 -9999 -9999 -9999 -9999 -9999 -9999 -9999 -9999 -9999   742
  2450 -9999 -9999 -9999 -9999 -9999 -9999 -9999 -9999 -9999 -9999 -9999 -9999   751
  2350 -9999 -9999 -9999 -9999 -9999 -9999 -9999 -9999 -9999 -9999 -9999 -9999   761
  2250 -9999 -9999 -9999 -9999 -9999 -9999 -9999 -9999 -9999 -9999 -9999 -9999   771
  2150   119   952     5    18    53   117 -9999     4   -14 -9999    60 -9999   780
  2050   156   829     6    24    33   109 -9999     5   -13 -9999    74 -9999   790
  1950   247   515    17    29     7   105 -9999     5   -12 -9999    88 -9999   800
  1850   336   376    25    26   -35    97 -9999     5   -10 -9999   101 -9999   810
  1750   371   443    18    21   -52    89 -9999     5    -9 -9999   113 -9999   820
  1650   351   722     7    17   -41    79 -9999     4    -9 -9999   124 -9999   830
  1550   296   736     9    12   -24    68 -9999     3   -10 -9999   135 -9999   840
  1450   238   676    13    10   -13    57 -9999     3   -10 -9999   146 -9999   851
  1350   177   559    20    11    -7    45 -9999     3   -11 -9999   157 -9999   861
  1250   190   406    36     7    -8    28 -9999     3    -9 -9999   169 -9999   872
  1150   222   448    29     5    -8    20 -9999     3    -6 -9999   179 -9999   882
  1050   274   517    28     5    -8    23 -9999     3    -5 -9999   187 -9999   893
   950   276   586    31     4    -1    19 -9999     2    -3 -9999   195 -9999   904
   850   269   647    31     3     4    17 -9999     2    -3 -9999   201 -9999   915
   750   251   722    35     3     7    18 -9999     2    -4 -9999   207 -9999   926
   650   369   797    39     3    12    20 -9999     2     0 -9999   214 -9999   938
   550   512   862    40     3    14    20 -9999     2     6 -9999   218 -9999   949
   450   679   902    40     3    12    17   450     2    16 -9999   218 -9999   960
   350   588   943    39     3    10    21 -9999     2     8 -9999   215 -9999   972
   250   545   956    39     4    10    22 -9999     2     6  1564   213    66   984
   150   550   828    40     3    12    21   281     2     6  2321   213   100   995
$

   BL# MONTH   DAY  YEAR  HOUR   MIN  VAL1  VAL2  VAL3  VAL4
     0     1     1  2010    10     2   651   562   601   150

  SPU1  SPU2  SPU3  SPU4 NOIS1 NOIS2 NOIS3 NOIS4 FEMAX SOFTW
     1     1     1     4   513   523   523    93     0  8114

  FE11  FE12  FE21  FE22  SNR1  SNR2  SNR3  SNR4 CHECK   JAM
    15    15    15    15    86    89   107   126   339    31

   ALT    CT SPEED   DIR S DIR     W    SW INVMI  STAB  DTDZ ECH T     T    ST PRESS

  3050  1071  1205    26 -9999    63 -9999 -9999 -9999 -9999 -9999 -9999 -9999   697
  2950  1100  1110    25 -9999    77 -9999 -9999 -9999 -9999 -9999 -9999 -9999   705
  2850  1022   969    22 -9999    73 -9999 -9999 -9999 -9999 -9999 -9999 -9999   714
  2750  1094   875    18 -9999    58 -9999 -9999 -9999 -9999 -9999 -9999 -9999   724
  2650   956   806    10 -9999    49 -9999 -9999 -9999 -9999 -9999 -9999 -9999   733
  2550   607   802     3 -9999    45 -9999 -9999 -9999 -9999 -9999 -9999 -9999   742
  2450   982   848     4 -9999    59 -9999 -9999 -9999 -9999 -9999 -9999 -9999   751
  2350  1070   992    21 -9999    76 -9999 -9999 -9999 -9999 -9999 -9999 -9999   761
  2250   873   913     9 -9999    92 -9999 -9999 -9999 -9999 -9999 -9999 -9999   771
  2150   792   740     7 -9999    41 -9999 -9999 -9999 -9999 -9999 -9999 -9999   780
  2050   698   536    19 -9999     6 -9999 -9999 -9999 -9999 -9999 -9999 -9999   790
  1950   592   479    18    28    -8   135 -9999     5    -8 -9999   279 -9999   800
  1850   564   431    23    26   -24   119 -9999     5    -8 -9999   276 -9999   810
  1750   468   359    38    24   -24    99 -9999     5    -9 -9999   273 -9999   820
  1650   303   321    67    20   -11    75 -9999     5   -10 -9999   270 -9999   830
  1550   227   345    48    18   -15    56 -9999     4   -10 -9999   267 -9999   840
  1450   190   349    53    14   -12    38 -9999     4   -10 -9999   264 -9999   851
  1350   191   358    55     9    -4    21 -9999     3    -8 -9999   261 -9999   861
  1250   282   406    38     7     1    26 -9999     3    -5 -9999   258 -9999   872
  1150   352   459    30     6     5    20 -9999     3    -1 -9999   255 -9999   882
  1050   402   529    29     4     9     4  1050     2    26 -9999   252 -9999   893
   950   405   606    31     5    21    26 -9999     2    -1 -9999   249 -9999   904
   850   377   670    34     5    26    34 -9999     3    -4 -9999   246 -9999   915
   750   320   743    39     4    23    24 -9999     2    -4 -9999   243 -9999   926
   650   422   824    43     4    20    27 -9999     2    -1 -9999   240 -9999   938
   550   604   906    46     4    15    30 -9999     2     4 -9999   237 -9999   949
   450   866   952    46     4    10    31   450     2    11 -9999   234 -9999   960
   350   746   998    45     4     8    37 -9999     2     5 -9999   231 -9999   972
   250   683  1011    45     4     8    38 -9999     2     3  2196   228    82   984
   150   675   874    45     4    11    34  1316     2     4  3123   225   142   995
$

   BL# MONTH   DAY  YEAR  HOUR   MIN  VAL1  VAL2  VAL3  VAL4
     0     1     1  2010    12     1   227   216   209   114

  SPU1  SPU2  SPU3  SPU4 NOIS1 NOIS2 NOIS3 NOIS4 FEMAX SOFTW
     2     6     4     5   413   383   374    57     0  8114

  FE11  FE12  FE21  FE22  SNR1  SNR2  SNR3  SNR4 CHECK   JAM
 -9999 -9999 -9999 -9999   107   107   103   117    25    31

   ALT    CT SPEED   DIR S DIR     W    SW INVMI  STAB  DTDZ ECH T     T    ST PRESS

  3050 -9999 -9999 -9999 -9999 -9999 -9999 -9999 -9999 -9999 -9999 -9999 -9999   697
  2950 -9999 -9999 -9999 -9999 -9999 -9999 -9999 -9999 -9999 -9999 -9999 -9999   705
  2850 -9999 -9999 -9999 -9999 -9999 -9999 -9999 -9999 -9999 -9999 -9999 -9999   714
  2750 -9999 -9999 -9999 -9999 -9999 -9999 -9999 -9999 -9999 -9999 -9999 -9999   724
  2650 -9999 -9999 -9999 -9999 -9999 -9999 -9999 -9999 -9999 -9999 -9999 -9999   733
  2550 -9999 -9999 -9999 -9999 -9999 -9999 -9999 -9999 -9999 -9999 -9999 -9999   742
  2450 -9999 -9999 -9999 -9999 -9999 -9999 -9999 -9999 -9999 -9999 -9999 -9999   751
  2350 -9999 -9999 -9999 -9999 -9999 -9999 -9999 -9999 -9999 -9999 -9999 -9999   761
  2250 -9999 -9999 -9999 -9999 -9999 -9999 -9999 -9999 -9999 -9999 -9999 -9999   771
  2150 -9999 -9999 -9999 -9999 -9999 -9999 -9999 -9999 -9999 -9999 -9999 -9999   780
  2050 -9999 -9999 -9999 -9999 -9999 -9999 -9999 -9999 -9999 -9999 -9999 -9999   790
  1950 -9999 -9999 -9999 -9999 -9999 -9999 -9999 -9999 -9999 -9999 -9999 -9999   800
  1850 -9999 -9999 -9999 -9999 -9999 -9999 -9999 -9999 -9999 -9999 -9999 -9999   810
  1750 -9999 -9999 -9999 -9999 -9999 -9999 -9999 -9999 -9999 -9999 -9999 -9999   820
  1650   129   776    30    10 -9999    91 -9999     3   -13 -9999 -9999 -9999   830
  1550   155   743    29    10    41    87 -9999     3   -13 -9999 -9999 -9999   840
  1450   170   728    28    10    35    85 -9999     3   -12 -9999 -9999 -9999   851
  1350   175   730    29     9    10    84 -9999     3   -12 -9999 -9999 -9999   861
  1250   181   760    31    10    -9    93 -9999     4   -12 -9999 -9999 -9999   872
  1150   181   788    34     9   -31    86 -9999     3   -12 -9999 -9999 -9999   882
  1050   175   785    34     8   -55    65 -9999     3   -12 -9999 -9999 -9999   893
   950   314   764    33     8   -50    65 -9999     3    -9 -9999 -9999 -9999   904
   850   418   743    31     7   -52    52 -9999     3    -6 -9999 -9999 -9999   915
   750   486   683    28     5   -62    25 -9999     2     2 -9999 -9999 -9999   926
   650   520   646    26     5   -54    10   650     2    18 -9999 -9999 -9999   938
   550   488   639    26     5   -52     3   550     2    35 -9999 -9999 -9999   949
   450   390   587    30     6   -55     4   450     2    25  3306   223    41   960
   350   354   623    31     7   -37    39 -9999     3    -6  2584   250   130   972
   250   364   653    30     8   -33    49 -9999     3    -7  3058   261   140   984
   150   421   562    29     7   -44    34 -9999     3    -3  7838   251   111   995
$

   BL# MONTH   DAY  YEAR  HOUR   MIN  VAL1  VAL2  VAL3  VAL4
     0     1     1  2010    13     1   527   427   423   248

  SPU1  SPU2  SPU3  SPU4 NOIS1 NOIS2 NOIS3 NOIS4 FEMAX SOFTW
     3     6     3     4   382   383   383    58     0  8114

  FE11  FE12  FE21  FE22  SNR1  SNR2  SNR3  SNR4 CHECK   JAM
    15    15    15    15   106   108   106   126    28    31

   ALT    CT SPEED   DIR S DIR     W    SW INVMI  STAB  DTDZ ECH T     T    ST PRESS

  3050 -9999 -9999 -9999 -9999 -9999 -9999 -9999 -9999 -9999 -9999 -9999 -9999   697
  2950 -9999 -9999 -9999 -9999 -9999 -9999 -9999 -9999 -9999 -9999 -9999 -9999   705
  2850 -9999 -9999 -9999 -9999 -9999 -9999 -9999 -9999 -9999 -9999 -9999 -9999   714
  2750 -9999 -9999 -9999 -9999 -9999 -9999 -9999 -9999 -9999 -9999 -9999 -9999   724
  2650 -9999 -9999 -9999 -9999 -9999 -9999 -9999 -9999 -9999 -9999 -9999 -9999   733
  2550 -9999 -9999 -9999 -9999 -9999 -9999 -9999 -9999 -9999 -9999 -9999 -9999   742
  2450 -9999 -9999 -9999 -9999 -9999 -9999 -9999 -9999 -9999 -9999 -9999 -9999   751
  2350 -9999 -9999 -9999 -9999 -9999 -9999 -9999 -9999 -9999 -9999 -9999 -9999   761
  2250   152   974    32 -9999    15 -9999 -9999 -9999 -9999 -9999 -9999 -9999   771
  2150   147  1016    36 -9999    62 -9999 -9999 -9999 -9999 -9999 -9999 -9999   780
  2050   150   935    34     6    65    43 -9999     3   -11 -9999   103 -9999   790
  1950   161   833    43     6    23    45 -9999     3   -11 -9999   114 -9999   800
  1850   253   863    44     7   -20    47 -9999     3    -9 -9999   125 -9999   810
  1750   278   853    40     7   -38    46 -9999     3    -9 -9999   134 -9999   820
  1650   234   772    32     6   -28    42 -9999     3    -9 -9999   142 -9999   830
  1550   271   733    29     7     8    52 -9999     3    -9 -9999   151 -9999   840
  1450   268   712    29     8    19    62 -9999     3   -10 -9999   160 -9999   851
  1350   225   718    30     8     4    69 -9999     3   -11 -9999   170 -9999   861
  1250   229   757    32     8     8    68 -9999     3   -11 -9999   181 -9999   872
  1150   233   794    33     7    -8    60 -9999     3   -11 -9999   192 -9999   882
  1050   235   792    33     6   -41    46 -9999     3   -10 -9999   202 -9999   893
   950   343   763    33    10    -5    80 -9999     3   -10 -9999   211 -9999   904
   850   429   726    33    12    15   104 -9999     4    -9 -9999   220 -9999   915
   750   493   703    31    14    14   114 -9999     4    -9 -9999   229 -9999   926
   650   543   696    31    15    20   121 -9999     4    -8 -9999   237 -9999   938
   550   635   700    34    14    17   117 -9999     4    -7 -9999   245 -9999   949
   450   769   684    35    13     5   103 -9999     4    -5  3306   252    47   960
   350   593   661    35    12     6    88 -9999     4    -6  2664   256   133   972
   250   542   653    35    12     9    89 -9999     4    -7  2793   265   132   984
   150   614   607    35    13    12   105   862     4    -7  5887   254   118   995
$

   BL# MONTH   DAY  YEAR  HOUR   MIN  VAL1  VAL2  VAL3  VAL4
     0     1     1  2010    15     2   368   226   203   111

  SPU1  SPU2  SPU3  SPU4 NOIS1 NOIS2 NOIS3 NOIS4 FEMAX SOFTW
     5     3     3     2   382   423   392    61     0  8114

  FE11  FE12  FE21  FE22  SNR1  SNR2  SNR3  SNR4 CHECK   JAM
    15    15    15    15    96    97   116   126 16529    31

   ALT    CT SPEED   DIR S DIR     W    SW INVMI  STAB  DTDZ ECH T     T    ST PRESS

  3050   784   794    42 -9999   -49 -9999 -9999 -9999 -9999 -9999 -9999 -9999   697
  2950   724   665    36 -9999   -48 -9999 -9999 -9999 -9999 -9999 -9999 -9999   705
  2850 -9999 -9999 -9999 -9999 -9999 -9999 -9999 -9999 -9999 -9999 -9999 -9999   714
  2750 -9999 -9999 -9999 -9999 -9999 -9999 -9999 -9999 -9999 -9999 -9999 -9999   724
  2650 -9999 -9999 -9999 -9999 -9999 -9999 -9999 -9999 -9999 -9999 -9999 -9999   733
  2550 -9999 -9999 -9999 -9999 -9999 -9999 -9999 -9999 -9999 -9999 -9999 -9999   742
  2450 -9999 -9999 -9999 -9999 -9999 -9999 -9999 -9999 -9999 -9999 -9999 -9999   751
  2350 -9999 -9999 -9999 -9999 -9999 -9999 -9999 -9999 -9999 -9999 -9999 -9999   761
  2250 -9999 -9999 -9999 -9999 -9999 -9999 -9999 -9999 -9999 -9999 -9999 -9999   771
  2150   101   679    36 -9999   -38 -9999 -9999 -9999 -9999 -9999 -9999 -9999   780
  2050   118   653    34 -9999   -38 -9999 -9999 -9999 -9999 -9999 -9999 -9999   790
  1950   138   623    29 -9999    -8 -9999 -9999 -9999 -9999 -9999 -9999 -9999   800
  1850   122   641    30 -9999   -12 -9999 -9999 -9999 -9999 -9999 -9999 -9999   810
  1750   116   651    33 -9999   -19 -9999 -9999 -9999 -9999 -9999 -9999 -9999   820
  1650   120   644    35 -9999   -29 -9999 -9999 -9999 -9999 -9999 -9999 -9999   830
  1550   194   649    35 -9999   -36 -9999 -9999 -9999 -9999 -9999 -9999 -9999   840
  1450   196   644    34     8   -38    57 -9999     3   -12 -9999   140 -9999   851
  1350   125   628    28     7   -34    53 -9999     3   -13 -9999   150 -9999   861
  1250   145   644    11     8   -30    63 -9999     3   -13 -9999   162 -9999   872
  1150   175   839    27     8   -32    58 -9999     3   -12 -9999   174 -9999   882
  1050   214   886    28     7   -39    38 -9999     3   -10 -9999   185 -9999   893
   950   232   834    25     9    -6    81 -9999     3   -12 -9999   193 -9999   904
   850   261   881    29    10    10   102 -9999     3   -12 -9999   203 -9999   915
   750   302   893    28    10     7   101 -9999     3   -11 -9999   214 -9999   926
   650   462   884    26    12     2   114 -9999     4   -10 -9999   224 -9999   938
   550   609   854    26    13    -1   121 -9999     4    -9 -9999   232 -9999   949
   450   744   762    26    14     0   119 -9999     4    -7 -9999   238 -9999   960
   350   658   729    24    12    -1    99 -9999     4    -7  2924   242   123   972
   250   621   733    22    12    -1    96 -9999     4    -7  4767   266   137   984
   150   634   694    25    13    -1   111 -9999     4    -8  9156   256   108   995
$

   BL# MONTH   DAY  YEAR  HOUR   MIN  VAL1  VAL2  VAL3  VAL4
     0     1     1  2010    16     1   169   143   156   178

  SPU1  SPU2  SPU3  SPU4 NOIS1 NOIS2 NOIS3 NOIS4 FEMAX SOFTW
     5     3     3     2   392   414   372    55     0  8114

  FE11  FE12  FE21  FE22  SNR1  SNR2  SNR3  SNR4 CHECK   JAM
    15    15    15    15    96    98   108   116    27    21

   ALT    CT SPEED   DIR S DIR     W    SW INVMI  STAB  DTDZ ECH T     T    ST PRESS

  3050 -9999 -9999 -9999 -9999 -9999 -9999 -9999 -9999 -9999 -9999 -9999 -9999   697
  2950 -9999 -9999 -9999 -9999 -9999 -9999 -9999 -9999 -9999 -9999 -9999 -9999   705
  2850 -9999 -9999 -9999 -9999 -9999 -9999 -9999 -9999 -9999 -9999 -9999 -9999   714
  2750 -9999 -9999 -9999 -9999 -9999 -9999 -9999 -9999 -9999 -9999 -9999 -9999   724
  2650 -9999 -9999 -9999 -9999 -9999 -9999 -9999 -9999 -9999 -9999 -9999 -9999   733
  2550 -9999 -9999 -9999 -9999 -9999 -9999 -9999 -9999 -9999 -9999 -9999 -9999   742
  2450   158   553    41    12   -30    64 -9999     4   -13 -9999 -9999 -9999   751
  2350   159   553    39    11   -31    62 -9999     4   -12 -9999 -9999 -9999   761
  2250   163   566    36    11   -35    61 -9999     3   -12 -9999 -9999 -9999   771
  2150    98   549    37 -9999   -27 -9999 -9999 -9999 -9999 -9999 -9999 -9999   780
  2050    75   534    40 -9999   -25 -9999 -9999 -9999 -9999 -9999 -9999 -9999   790
  1950    92   624    32 -9999   -28 -9999 -9999 -9999 -9999 -9999 -9999 -9999   800
  1850    81   640    31 -9999   -41 -9999 -9999 -9999 -9999 -9999 -9999 -9999   810
  1750    75   627    31 -9999   -41 -9999 -9999 -9999 -9999 -9999 -9999 -9999   820
  1650    75   592    29 -9999   -29 -9999 -9999 -9999 -9999 -9999 -9999 -9999   830
  1550    82   507    24 -9999   -42 -9999 -9999 -9999 -9999 -9999 -9999 -9999   840
  1450    87   194    68 -9999   -55 -9999 -9999 -9999 -9999 -9999 -9999 -9999   851
  1350    91   186   141 -9999   -66 -9999 -9999 -9999 -9999 -9999 -9999 -9999   861
  1250    80   281   350 -9999   -38 -9999 -9999 -9999 -9999 -9999 -9999 -9999   872
  1150    90   349    14 -9999   -12 -9999 -9999 -9999 -9999 -9999 -9999 -9999   882
  1050   121   376    20    23    12   100 -9999     5   -14 -9999   235 -9999   893
   950   131   362    19    17    34    70 -9999     5   -13 -9999   247 -9999   904
   850   159   342    21    15    45    53 -9999     4   -12 -9999   258 -9999   915
   750   205   301    13    17    45    52 -9999     4   -11 -9999   267 -9999   926
   650   246   290     5    19    40    65 -9999     3   -11 -9999   274 -9999   938
   550   336   297   360    20    26    72 -9999     3   -10 -9999   280 -9999   949
   450   474   286   339    20     5    74 -9999     3    -8 -9999   284 -9999   960
   350   412   290   329    19     6    77 -9999     4    -9 -9999   284 -9999   972
   250   379   286   328    20    10    77 -9999     4   -10  4601   286   128   984
   150   374   255   339    21    16    75  1020     4   -10 13868   277   117   995
$

   BL# MONTH   DAY  YEAR  HOUR   MIN  VAL1  VAL2  VAL3  VAL4
     0     1     1  2010    17     1   404   233   309   522

  SPU1  SPU2  SPU3  SPU4 NOIS1 NOIS2 NOIS3 NOIS4 FEMAX SOFTW
     5     3     3     2   432   464   413    56     0  8114

  FE11  FE12  FE21  FE22  SNR1  SNR2  SNR3  SNR4 CHECK   JAM
    15    15    15    15    96    98   109   126    33     0

   ALT    CT SPEED   DIR S DIR     W    SW INVMI  STAB  DTDZ ECH T     T    ST PRESS

  3050 -9999 -9999 -9999 -9999 -9999 -9999 -9999 -9999 -9999 -9999 -9999 -9999   697
  2950 -9999 -9999 -9999 -9999 -9999 -9999 -9999 -9999 -9999 -9999 -9999 -9999   705
  2850 -9999 -9999 -9999 -9999 -9999 -9999 -9999 -9999 -9999 -9999 -9999 -9999   714
  2750 -9999 -9999 -9999 -9999 -9999 -9999 -9999 -9999 -9999 -9999 -9999 -9999   724
  2650 -9999 -9999 -9999 -9999 -9999 -9999 -9999 -9999 -9999 -9999 -9999 -9999   733
  2550   267   586    39    17   -31   103 -9999     4   -12 -9999 -9999 -9999   742
  2450   187   588    39    16   -33    99 -9999     4   -13 -9999 -9999 -9999   751
  2350   153   580    41    16   -35    96 -9999     4   -13 -9999 -9999 -9999   761
  2250   165   532    52    15   -37    94 -9999     4   -13 -9999 -9999 -9999   771
  2150   114   518    52 -9999   -33 -9999 -9999 -9999 -9999 -9999 -9999 -9999   780
  2050    93   547    42 -9999   -28 -9999 -9999 -9999 -9999 -9999 -9999 -9999   790
  1950   101   625    35 -9999   -24 -9999 -9999 -9999 -9999 -9999 -9999 -9999   800
  1850   115   620    37 -9999   -33 -9999 -9999 -9999 -9999 -9999 -9999 -9999   810
  1750   150   587    38 -9999   -39 -9999 -9999 -9999 -9999 -9999 -9999 -9999   820
  1650   208   531    34 -9999   -43 -9999 -9999 -9999 -9999 -9999 -9999 -9999   830
  1550   194   472    30 -9999   -73 -9999 -9999 -9999 -9999 -9999 -9999 -9999   840
  1450   172   412    23 -9999   -89 -9999 -9999 -9999 -9999 -9999 -9999 -9999   851
  1350   143   366    14 -9999   -88 -9999 -9999 -9999 -9999 -9999 -9999 -9999   861
  1250   160   347     2 -9999   -64 -9999 -9999 -9999 -9999 -9999 -9999 -9999   872
  1150   153   413    16 -9999   -37 -9999 -9999 -9999 -9999 -9999 -9999 -9999   882
  1050   123   425    19    19   -10    89 -9999     5   -13 -9999   229 -9999   893
   950   162   403    18    17     6    76 -9999     5   -13 -9999   241 -9999   904
   850   242   415    20    15    18    66 -9999     4   -11 -9999   251 -9999   915
   750   362   412    14    14    24    60 -9999     4    -9 -9999   258 -9999   926
   650   560   399     4    15    15    67 -9999     4    -6 -9999   261 -9999   938
   550   684   391   351    15     7    69 -9999     4    -4  4178   259   128   949
   450   735   392   335    14     1    66 -9999     4    -3  4201   277    77   960
   350   660   408   328    12     1    67 -9999     4    -4  4257   280   150   972
   250   639   411   328    12     2    68 -9999     4    -4  5991   287   133   984
   150   672   356   336    14     3    68  1320     4    -4 16174   279   121   995
$

   BL# MONTH   DAY  YEAR  HOUR   MIN  VAL1  VAL2  VAL3  VAL4
     0     1     1  2010    18     1   544   263   394   442

  SPU1  SPU2  SPU3  SPU4 NOIS1 NOIS2 NOIS3 NOIS4 FEMAX SOFTW
     5     3     3     2   495   505   443    61     0  8114

  FE11  FE12  FE21  FE22  SNR1  SNR2  SNR3  SNR4 CHECK   JAM
    15    15    15    15    97    98   108   127   635    30

   ALT    CT SPEED   DIR S DIR     W    SW INVMI  STAB  DTDZ ECH T     T    ST PRESS

  3050 -9999 -9999 -9999 -9999 -9999 -9999 -9999 -9999 -9999 -9999 -9999 -9999   697
  2950 -9999 -9999 -9999 -9999 -9999 -9999 -9999 -9999 -9999 -9999 -9999 -9999   705
  2850 -9999 -9999 -9999 -9999 -9999 -9999 -9999 -9999 -9999 -9999 -9999 -9999   714
  2750 -9999 -9999 -9999 -9999 -9999 -9999 -9999 -9999 -9999 -9999 -9999 -9999   724
  2650 -9999 -9999 -9999 -9999 -9999 -9999 -9999 -9999 -9999 -9999 -9999 -9999   733
  2550 -9999 -9999 -9999 -9999 -9999 -9999 -9999 -9999 -9999 -9999 -9999 -9999   742
  2450 -9999 -9999 -9999 -9999 -9999 -9999 -9999 -9999 -9999 -9999 -9999 -9999   751
  2350 -9999 -9999 -9999 -9999 -9999 -9999 -9999 -9999 -9999 -9999 -9999 -9999   761
  2250 -9999 -9999 -9999 -9999 -9999 -9999 -9999 -9999 -9999 -9999 -9999 -9999   771
  2150   165   583    37 -9999   -59 -9999 -9999 -9999 -9999 -9999 -9999 -9999   780
  2050   127   603    38 -9999   -57 -9999 -9999 -9999 -9999 -9999 -9999 -9999   790
  1950   104   617    41 -9999   -47 -9999 -9999 -9999 -9999 -9999 -9999 -9999   800
  1850   122   621    43 -9999   -45 -9999 -9999 -9999 -9999 -9999 -9999 -9999   810
  1750   141   606    43 -9999   -49 -9999 -9999 -9999 -9999 -9999 -9999 -9999   820
  1650   161   561    40 -9999   -58 -9999 -9999 -9999 -9999 -9999 -9999 -9999   830
  1550   166   405    31 -9999   -77 -9999 -9999 -9999 -9999 -9999 -9999 -9999   840
  1450   160   319     7    13   -86    62 -9999     4   -12 -9999   229 -9999   851
  1350   145   326   339    13   -82    58 -9999     4   -12 -9999   239 -9999   861
  1250   113   358   322    14   -41    56 -9999     4   -13 -9999   249 -9999   872
  1150   123   337   350    14   -12    55 -9999     4   -13 -9999   260 -9999   882
  1050   174   362     7    15     3    54 -9999     4   -12 -9999   271 -9999   893
   950   290   379    14    13     9    54 -9999     4    -9 -9999   280 -9999   904
   850   390   393    18    14    13    51 -9999     4    -7 -9999   285 -9999   915
   750   473   366     1    16    15    44 -9999     4    -5 -9999   286 -9999   926
   650   685   376   341    12     7    42 -9999     4     1 -9999   283 -9999   938
   550   782   427   325     8     2    41 -9999     3     3 -9999   280 -9999   949
   450   763   538   310     5     0    40 -9999     3     3  4201   277    76   960
   350   654   580   307     5    -2    40 -9999     3     0  4499   277   121   972
   250   639   574   309     5    -3    41 -9999     3     0  6133   286   138   984
   150   718   473   312     6    -1    40   517     3     2 10754   264   112   995
$

   BL# MONTH   DAY  YEAR  HOUR   MIN  VAL1  VAL2  VAL3  VAL4
     0     1     1  2010    19     2   385   136   256   272

  SPU1  SPU2  SPU3  SPU4 NOIS1 NOIS2 NOIS3 NOIS4 FEMAX SOFTW
     5     3     3     2   482   535   482    61     0  8114

  FE11  FE12  FE21  FE22  SNR1  SNR2  SNR3  SNR4 CHECK   JAM
    15    15    15    15    96    98   109   116    38     0

   ALT    CT SPEED   DIR S DIR     W    SW INVMI  STAB  DTDZ ECH T     T    ST PRESS

  3050 -9999 -9999 -9999 -9999 -9999 -9999 -9999 -9999 -9999 -9999 -9999 -9999   697
  2950 -9999 -9999 -9999 -9999 -9999 -9999 -9999 -9999 -9999 -9999 -9999 -9999   705
  2850 -9999 -9999 -9999 -9999 -9999 -9999 -9999 -9999 -9999 -9999 -9999 -9999   714
  2750 -9999 -9999 -9999 -9999 -9999 -9999 -9999 -9999 -9999 -9999 -9999 -9999   724
  2650 -9999 -9999 -9999 -9999 -9999 -9999 -9999 -9999 -9999 -9999 -9999 -9999   733
  2550 -9999 -9999 -9999 -9999 -9999 -9999 -9999 -9999 -9999 -9999 -9999 -9999   742
  2450 -9999 -9999 -9999 -9999 -9999 -9999 -9999 -9999 -9999 -9999 -9999 -9999   751
  2350 -9999 -9999 -9999 -9999 -9999 -9999 -9999 -9999 -9999 -9999 -9999 -9999   761
  2250 -9999 -9999 -9999 -9999 -9999 -9999 -9999 -9999 -9999 -9999 -9999 -9999   771
  2150 -9999 -9999 -9999 -9999 -9999 -9999 -9999 -9999 -9999 -9999 -9999 -9999   780
  2050 -9999 -9999 -9999 -9999 -9999 -9999 -9999 -9999 -9999 -9999 -9999 -9999   790
  1950 -9999 -9999 -9999 -9999 -9999 -9999 -9999 -9999 -9999 -9999 -9999 -9999   800
  1850 -9999 -9999 -9999 -9999 -9999 -9999 -9999 -9999 -9999 -9999 -9999 -9999   810
  1750 -9999 -9999 -9999 -9999 -9999 -9999 -9999 -9999 -9999 -9999 -9999 -9999   820
  1650 -9999 -9999 -9999 -9999 -9999 -9999 -9999 -9999 -9999 -9999 -9999 -9999   830
  1550 -9999 -9999 -9999 -9999 -9999 -9999 -9999 -9999 -9999 -9999 -9999 -9999   840
  1450 -9999 -9999 -9999 -9999 -9999 -9999 -9999 -9999 -9999 -9999 -9999 -9999   851
  1350 -9999 -9999 -9999 -9999 -9999 -9999 -9999 -9999 -9999 -9999 -9999 -9999   861
  1250 -9999 -9999 -9999 -9999 -9999 -9999 -9999 -9999 -9999 -9999 -9999 -9999   872
  1150   196   515   304 -9999    16 -9999 -9999 -9999 -9999 -9999 -9999 -9999   882
  1050   196   488   302     5    27    15 -9999     2    -6 -9999   286 -9999   893
   950   299   463   302     5    28    15 -9999     2    -1 -9999   286 -9999   904
   850   409   468   305     5    29    16 -9999     2     3 -9999   283 -9999   915
   750   525   481   308     5    30    17 -9999     2     7 -9999   280 -9999   926
   650   619   535   307     5    25    15   650     2    13 -9999   277 -9999   938
   550   676   628   305     4    21    16   550     2    14 -9999   274 -9999   949
   450   696   661   308     4    19    19   450     2    12 -9999   271 -9999   960
   350   575   690   308     4    16    23 -9999     2     5  2336   268    95   972
   250   552   701   308     4    15    23 -9999     2     4  2935   271   122   984
   150   626   606   307     4    18    20   243     2     8  5410   258   107   995
$

   BL# MONTH   DAY  YEAR  HOUR   MIN  VAL1  VAL2  VAL3  VAL4
     0     1     1  2010    20     2   204   110   131   277

  SPU1  SPU2  SPU3  SPU4 NOIS1 NOIS2 NOIS3 NOIS4 FEMAX SOFTW
     5     3     3     2   492   534   483    68     0  8114

  FE11  FE12  FE21  FE22  SNR1  SNR2  SNR3  SNR4 CHECK   JAM
    15    15    15    15    96    98   109   126    39    30

   ALT    CT SPEED   DIR S DIR     W    SW INVMI  STAB  DTDZ ECH T     T    ST PRESS

  3050 -9999 -9999 -9999 -9999 -9999 -9999 -9999 -9999 -9999 -9999 -9999 -9999   697
  2950 -9999 -9999 -9999 -9999 -9999 -9999 -9999 -9999 -9999 -9999 -9999 -9999   705
  2850 -9999 -9999 -9999 -9999 -9999 -9999 -9999 -9999 -9999 -9999 -9999 -9999   714
  2750 -9999 -9999 -9999 -9999 -9999 -9999 -9999 -9999 -9999 -9999 -9999 -9999   724
  2650 -9999 -9999 -9999 -9999 -9999 -9999 -9999 -9999 -9999 -9999 -9999 -9999   733
  2550 -9999 -9999 -9999 -9999 -9999 -9999 -9999 -9999 -9999 -9999 -9999 -9999   742
  2450 -9999 -9999 -9999 -9999 -9999 -9999 -9999 -9999 -9999 -9999 -9999 -9999   751
  2350 -9999 -9999 -9999 -9999 -9999 -9999 -9999 -9999 -9999 -9999 -9999 -9999   761
  2250 -9999 -9999 -9999 -9999 -9999 -9999 -9999 -9999 -9999 -9999 -9999 -9999   771
  2150 -9999 -9999 -9999 -9999 -9999 -9999 -9999 -9999 -9999 -9999 -9999 -9999   780
  2050 -9999 -9999 -9999 -9999 -9999 -9999 -9999 -9999 -9999 -9999 -9999 -9999   790
  1950 -9999 -9999 -9999 -9999 -9999 -9999 -9999 -9999 -9999 -9999 -9999 -9999   800
  1850 -9999 -9999 -9999 -9999 -9999 -9999 -9999 -9999 -9999 -9999 -9999 -9999   810
  1750 -9999 -9999 -9999 -9999 -9999 -9999 -9999 -9999 -9999 -9999 -9999 -9999   820
  1650 -9999 -9999 -9999 -9999 -9999 -9999 -9999 -9999 -9999 -9999 -9999 -9999   830
  1550 -9999 -9999 -9999 -9999 -9999 -9999 -9999 -9999 -9999 -9999 -9999 -9999   840
  1450 -9999 -9999 -9999 -9999 -9999 -9999 -9999 -9999 -9999 -9999 -9999 -9999   851
  1350 -9999 -9999 -9999 -9999 -9999 -9999 -9999 -9999 -9999 -9999 -9999 -9999   861
  1250 -9999 -9999 -9999 -9999 -9999 -9999 -9999 -9999 -9999 -9999 -9999 -9999   872
  1150 -9999 -9999 -9999 -9999 -9999 -9999 -9999 -9999 -9999 -9999 -9999 -9999   882
  1050 -9999 -9999 -9999 -9999 -9999 -9999 -9999 -9999 -9999 -9999 -9999 -9999   893
   950 -9999 -9999 -9999 -9999 -9999 -9999 -9999 -9999 -9999 -9999 -9999 -9999   904
   850   417   570   307     4    47    16 -9999     2     3 -9999   276 -9999   915
   750   466   580   307     4    41    16 -9999     2     5 -9999   273 -9999   926
   650   555   642   304     4    27    17 -9999     2     8 -9999   270 -9999   938
   550   613   749   301     4    19    16   550     2    12 -9999   267 -9999   949
   450   641   775   301     4    19    14   450     2    15 -9999   264 -9999   960
   350   552   808   301     3    17    12   350     1    14  2045   261    86   972
   250   533   820   301     3    17    12   250     1    13  3203   263   108   984
   150   583   712   301     4    18    14   244     2    13  5569   252   103   995
$

   BL# MONTH   DAY  YEAR  HOUR   MIN  VAL1  VAL2  VAL3  VAL4
     0     1     1  2010    21     3   169   108    89   271

  SPU1  SPU2  SPU3  SPU4 NOIS1 NOIS2 NOIS3 NOIS4 FEMAX SOFTW
     5     3     3     2   525   555   493    76     0  8114

  FE11  FE12  FE21  FE22  SNR1  SNR2  SNR3  SNR4 CHECK   JAM
    15    15    15    15    96    98   109   126   340    30

   ALT    CT SPEED   DIR S DIR     W    SW INVMI  STAB  DTDZ ECH T     T    ST PRESS

  3050 -9999 -9999 -9999 -9999 -9999 -9999 -9999 -9999 -9999 -9999 -9999 -9999   697
  2950 -9999 -9999 -9999 -9999 -9999 -9999 -9999 -9999 -9999 -9999 -9999 -9999   705
  2850 -9999 -9999 -9999 -9999 -9999 -9999 -9999 -9999 -9999 -9999 -9999 -9999   714
  2750 -9999 -9999 -9999 -9999 -9999 -9999 -9999 -9999 -9999 -9999 -9999 -9999   724
  2650 -9999 -9999 -9999 -9999 -9999 -9999 -9999 -9999 -9999 -9999 -9999 -9999   733
  2550 -9999 -9999 -9999 -9999 -9999 -9999 -9999 -9999 -9999 -9999 -9999 -9999   742
  2450 -9999 -9999 -9999 -9999 -9999 -9999 -9999 -9999 -9999 -9999 -9999 -9999   751
  2350 -9999 -9999 -9999 -9999 -9999 -9999 -9999 -9999 -9999 -9999 -9999 -9999   761
  2250 -9999 -9999 -9999 -9999 -9999 -9999 -9999 -9999 -9999 -9999 -9999 -9999   771
  2150 -9999 -9999 -9999 -9999 -9999 -9999 -9999 -9999 -9999 -9999 -9999 -9999   780
  2050 -9999 -9999 -9999 -9999 -9999 -9999 -9999 -9999 -9999 -9999 -9999 -9999   790
  1950 -9999 -9999 -9999 -9999 -9999 -9999 -9999 -9999 -9999 -9999 -9999 -9999   800
  1850 -9999 -9999 -9999 -9999 -9999 -9999 -9999 -9999 -9999 -9999 -9999 -9999   810
  1750 -9999 -9999 -9999 -9999 -9999 -9999 -9999 -9999 -9999 -9999 -9999 -9999   820
  1650 -9999 -9999 -9999 -9999 -9999 -9999 -9999 -9999 -9999 -9999 -9999 -9999   830
  1550 -9999 -9999 -9999 -9999 -9999 -9999 -9999 -9999 -9999 -9999 -9999 -9999   840
  1450 -9999 -9999 -9999 -9999 -9999 -9999 -9999 -9999 -9999 -9999 -9999 -9999   851
  1350 -9999 -9999 -9999 -9999 -9999 -9999 -9999 -9999 -9999 -9999 -9999 -9999   861
  1250 -9999 -9999 -9999 -9999 -9999 -9999 -9999 -9999 -9999 -9999 -9999 -9999   872
  1150 -9999 -9999 -9999 -9999 -9999 -9999 -9999 -9999 -9999 -9999 -9999 -9999   882
  1050   250   653   304     3    80    26 -9999     2    -7 -9999   271 -9999   893
   950   294   657   302     3    64    26 -9999     2    -6 -9999   274 -9999   904
   850   322   679   301     3    51    26 -9999     2    -5 -9999   275 -9999   915
   750   333   663   305     3    42    26 -9999     2    -5 -9999   275 -9999   926
   650   553   708   305     3    24    27 -9999     2     2 -9999   274 -9999   938
   550   702   813   303     3    13    26 -9999     2     7 -9999   271 -9999   949
   450   781   843   303     3     9    25   450     2    10 -9999   268 -9999   960
   350   678   855   303     3     7    26 -9999     2     6 -9999   265 -9999   972
   250   648   855   303     3     7    27 -9999     2     5  2953   262    90   984
   150   690   759   303     3     9    27   567     2     6  7785   247    89   995
$

   BL# MONTH   DAY  YEAR  HOUR   MIN  VAL1  VAL2  VAL3  VAL4
     0     1     1  2010    22     1   132    95    77   253

  SPU1  SPU2  SPU3  SPU4 NOIS1 NOIS2 NOIS3 NOIS4 FEMAX SOFTW
     5     3     3     2   503   565   503    61     0  8114

  FE11  FE12  FE21  FE22  SNR1  SNR2  SNR3  SNR4 CHECK   JAM
    15    15    15    15    97    98   108   117    40    30

   ALT    CT SPEED   DIR S DIR     W    SW INVMI  STAB  DTDZ ECH T     T    ST PRESS

  3050 -9999 -9999 -9999 -9999 -9999 -9999 -9999 -9999 -9999 -9999 -9999 -9999   697
  2950 -9999 -9999 -9999 -9999 -9999 -9999 -9999 -9999 -9999 -9999 -9999 -9999   705
  2850 -9999 -9999 -9999 -9999 -9999 -9999 -9999 -9999 -9999 -9999 -9999 -9999   714
  2750 -9999 -9999 -9999 -9999 -9999 -9999 -9999 -9999 -9999 -9999 -9999 -9999   724
  2650 -9999 -9999 -9999 -9999 -9999 -9999 -9999 -9999 -9999 -9999 -9999 -9999   733
  2550 -9999 -9999 -9999 -9999 -9999 -9999 -9999 -9999 -9999 -9999 -9999 -9999   742
  2450   745  1074   299 -9999 -9999 -9999 -9999 -9999 -9999 -9999 -9999 -9999   751
  2350 -9999 -9999 -9999 -9999 -9999 -9999 -9999 -9999 -9999 -9999 -9999 -9999   761
  2250 -9999 -9999 -9999 -9999 -9999 -9999 -9999 -9999 -9999 -9999 -9999 -9999   771
  2150 -9999 -9999 -9999 -9999 -9999 -9999 -9999 -9999 -9999 -9999 -9999 -9999   780
  2050 -9999 -9999 -9999 -9999 -9999 -9999 -9999 -9999 -9999 -9999 -9999 -9999   790
  1950 -9999 -9999 -9999 -9999 -9999 -9999 -9999 -9999 -9999 -9999 -9999 -9999   800
  1850 -9999 -9999 -9999 -9999 -9999 -9999 -9999 -9999 -9999 -9999 -9999 -9999   810
  1750 -9999 -9999 -9999 -9999 -9999 -9999 -9999 -9999 -9999 -9999 -9999 -9999   820
  1650 -9999 -9999 -9999 -9999 -9999 -9999 -9999 -9999 -9999 -9999 -9999 -9999   830
  1550 -9999 -9999 -9999 -9999 -9999 -9999 -9999 -9999 -9999 -9999 -9999 -9999   840
  1450 -9999 -9999 -9999 -9999 -9999 -9999 -9999 -9999 -9999 -9999 -9999 -9999   851
  1350 -9999 -9999 -9999 -9999 -9999 -9999 -9999 -9999 -9999 -9999 -9999 -9999   861
  1250 -9999 -9999 -9999 -9999 -9999 -9999 -9999 -9999 -9999 -9999 -9999 -9999   872
  1150 -9999 -9999 -9999 -9999 -9999 -9999 -9999 -9999 -9999 -9999 -9999 -9999   882
  1050 -9999 -9999 -9999 -9999 -9999 -9999 -9999 -9999 -9999 -9999 -9999 -9999   893
   950 -9999 -9999 -9999 -9999 -9999 -9999 -9999 -9999 -9999 -9999 -9999 -9999   904
   850 -9999 -9999 -9999 -9999 -9999 -9999 -9999 -9999 -9999 -9999 -9999 -9999   915
   750 -9999 -9999 -9999 -9999 -9999 -9999 -9999 -9999 -9999 -9999 -9999 -9999   926
   650 -9999 -9999 -9999 -9999 -9999 -9999 -9999 -9999 -9999 -9999 -9999 -9999   938
   550   650   817   302     3    -1    23 -9999     2     7 -9999   271 -9999   949
   450   598   848   305     3    -1    20 -9999     2     7 -9999   268 -9999   960
   350   536   858   306     3     1    22 -9999     2     4 -9999   265 -9999   972
   250   535   858   305     3     1    23 -9999     2     3  2626   262    74   984
   150   593   761   305     3     0    22 -9999     2     6  9680   245    60   995
$

   BL# MONTH   DAY  YEAR  HOUR   MIN  VAL1  VAL2  VAL3  VAL4
     0     1     1  2010    23     3   104    55    60   213

  SPU1  SPU2  SPU3  SPU4 NOIS1 NOIS2 NOIS3 NOIS4 FEMAX SOFTW
     5     3     3     2   534   575   513    64     0  8114

  FE11  FE12  FE21  FE22  SNR1  SNR2  SNR3  SNR4 CHECK   JAM
    15    15    15    15    96    98   108   126   442    30

   ALT    CT SPEED   DIR S DIR     W    SW INVMI  STAB  DTDZ ECH T     T    ST PRESS

  3050 -9999 -9999 -9999 -9999 -9999 -9999 -9999 -9999 -9999 -9999 -9999 -9999   697
  2950 -9999 -9999 -9999 -9999 -9999 -9999 -9999 -9999 -9999 -9999 -9999 -9999   705
  2850 -9999 -9999 -9999 -9999 -9999 -9999 -9999 -9999 -9999 -9999 -9999 -9999   714
  2750 -9999 -9999 -9999 -9999 -9999 -9999 -9999 -9999 -9999 -9999 -9999 -9999   724
  2650 -9999 -9999 -9999 -9999 -9999 -9999 -9999 -9999 -9999 -9999 -9999 -9999   733
  2550 -9999 -9999 -9999 -9999 -9999 -9999 -9999 -9999 -9999 -9999 -9999 -9999   742
  2450 -9999 -9999 -9999 -9999 -9999 -9999 -9999 -9999 -9999 -9999 -9999 -9999   751
  2350 -9999 -9999 -9999 -9999 -9999 -9999 -9999 -9999 -9999 -9999 -9999 -9999   761
  2250 -9999 -9999 -9999 -9999 -9999 -9999 -9999 -9999 -9999 -9999 -9999 -9999   771
  2150 -9999 -9999 -9999 -9999 -9999 -9999 -9999 -9999 -9999 -9999 -9999 -9999   780
  2050 -9999 -9999 -9999 -9999 -9999 -9999 -9999 -9999 -9999 -9999 -9999 -9999   790
  1950 -9999 -9999 -9999 -9999 -9999 -9999 -9999 -9999 -9999 -9999 -9999 -9999   800
  1850 -9999 -9999 -9999 -9999 -9999 -9999 -9999 -9999 -9999 -9999 -9999 -9999   810
  1750 -9999 -9999 -9999 -9999 -9999 -9999 -9999 -9999 -9999 -9999 -9999 -9999   820
  1650 -9999 -9999 -9999 -9999 -9999 -9999 -9999 -9999 -9999 -9999 -9999 -9999   830
  1550 -9999 -9999 -9999 -9999 -9999 -9999 -9999 -9999 -9999 -9999 -9999 -9999   840
  1450 -9999 -9999 -9999 -9999 -9999 -9999 -9999 -9999 -9999 -9999 -9999 -9999   851
  1350 -9999 -9999 -9999 -9999 -9999 -9999 -9999 -9999 -9999 -9999 -9999 -9999   861
  1250 -9999 -9999 -9999 -9999 -9999 -9999 -9999 -9999 -9999 -9999 -9999 -9999   872
  1150 -9999 -9999 -9999 -9999 -9999 -9999 -9999 -9999 -9999 -9999 -9999 -9999   882
  1050 -9999 -9999 -9999 -9999 -9999 -9999 -9999 -9999 -9999 -9999 -9999 -9999   893
   950 -9999 -9999 -9999 -9999 -9999 -9999 -9999 -9999 -9999 -9999 -9999 -9999   904
   850 -9999 -9999 -9999 -9999 -9999 -9999 -9999 -9999 -9999 -9999 -9999 -9999   915
   750 -9999 -9999 -9999 -9999 -9999 -9999 -9999 -9999 -9999 -9999 -9999 -9999   926
   650 -9999 -9999 -9999 -9999 -9999 -9999 -9999 -9999 -9999 -9999 -9999 -9999   938
   550   550   734   301     3     3     8   550     1    23 -9999   270 -9999   949
   450   489   733   304     3     8     1   450     1    31 -9999   267 -9999   960
   350   410   749   306     3    13     1   350     1    24 -9999   264 -9999   972
   250   406   757   307     3    12     3   250     1    23  1518   261    45   984
   150   480   670   305     3     8     6 -9999     1    25 14029   244    35   995
$

